## TB diagnosis and treatment
   acc_neg=0.734, acc_hiv=0.734, acc_aids=0.734, # fraction TB patients presenting to clinics
   tx=0.82,                                   # success of Tx once TB diagnosed
   dx=4,                                      # rate of TB detection after symptoms develop
   sn_smpos=0.80,                             # sensitivity diagnosis smear-pos; 0.80 standard, 0.98 molecular test or culture
   sn_smneg=0.25,                             # sensitivity diagnosis smear-neg; 0.20 standard, 0.50 molecular, 0.85 culture
   lfu=0,                                     # fraction of detected patients lost to f/u before Tx, zero at baseline


Diagnostic standard

>    x_neg <- tbdx_neg()
> 
>    do.call("cbind", x_neg)[c(1:6, 9996:10001),]
         S_neg    L_neg  DSP_neg  USP_neg  DSN_neg  USN_neg        lam      TSP      TSN        M incidence prevalence mortality
 [1,] 48727.00 50984.00 15.00000 44.00000 72.00000 158.0000 0.01994172 59.00000 230.0000 3798.192  138.9689   289.0000  43.65000
 [2,] 48727.06 50984.17 15.01700 43.99946 71.75578 158.0002 0.01993495 59.01646 229.7560 3798.175  138.9387   288.7725  43.63136
 [3,] 48727.12 50984.33 15.03279 43.99885 71.51596 158.0004 0.01992812 59.03164 229.5163 3798.159  138.9081   288.5480  43.61271
 [4,] 48727.19 50984.49 15.04743 43.99817 71.28044 158.0004 0.01992123 59.04560 229.2809 3798.142  138.8774   288.3265  43.59405
 [5,] 48727.26 50984.63 15.06100 43.99743 71.04916 158.0004 0.01991430 59.05842 229.0495 3798.125  138.8465   288.1080  43.57540
 [6,] 48727.34 50984.77 15.07355 43.99662 70.82201 158.0002 0.01990734 59.07016 228.8223 3798.109  138.8154   287.8924  43.55678
 [7,] 49824.24 49910.37 14.67300 42.17449 56.76652 151.7761 0.01869115 56.84749 208.5426 3795.505  133.3839   265.3901  40.75088
 [8,] 49824.24 49910.37 14.67300 42.17449 56.76652 151.7761 0.01869115 56.84749 208.5426 3795.505  133.3839   265.3901  40.75088
 [9,] 49824.24 49910.37 14.67300 42.17449 56.76652 151.7761 0.01869115 56.84749 208.5426 3795.505  133.3839   265.3901  40.75088
[10,] 49824.24 49910.37 14.67300 42.17449 56.76652 151.7761 0.01869115 56.84749 208.5426 3795.505  133.3839   265.3901  40.75088
[11,] 49824.24 49910.37 14.67300 42.17449 56.76652 151.7761 0.01869115 56.84749 208.5426 3795.505  133.3839   265.3901  40.75088
[12,] 49824.24 49910.37 14.67300 42.17449 56.76652 151.7761 0.01869115 56.84749 208.5426 3795.505  133.3839   265.3901  40.75088


Rapid molecular test

> x_neg_rapid <- tbdx_neg(sn_smneg=0.98, sn_smpos=0.5)
> do.call("cbind", x_neg_rapid)[c(1:6, 9996:10001),]
         S_neg    L_neg  DSP_neg  USP_neg  DSN_neg  USN_neg        lam      TSP      TSN        M incidence prevalence mortality
 [1,] 48727.00 50984.00 15.00000 44.00000 72.00000 158.0000 0.01994172 59.00000 230.0000 3798.192  139.0285   289.0000  43.65000
 [2,] 48727.06 50987.32 15.31220 43.99946 68.30785 158.0002 0.01985064 59.31166 226.3081 3797.962  138.6183   285.6197  43.38989
 [3,] 48727.20 50990.34 15.60918 43.99797 64.85934 157.9993 0.01976633 59.60715 222.8586 3797.749  138.2386   282.4658  43.14836
 [4,] 48727.42 50993.06 15.89174 43.99561 61.63844 157.9973 0.01968830 59.88735 219.6357 3797.551  137.8871   279.5231  42.92414
 [5,] 48727.71 50995.51 16.16065 43.99246 58.63013 157.9943 0.01961612 60.15310 216.6244 3797.368  137.5620   276.7775  42.71603
 [6,] 48728.07 50997.71 16.41662 43.98857 55.82042 157.9904 0.01954936 60.40519 213.8108 3797.198  137.2613   274.2160  42.52290
 [7,] 50561.11 49213.68 21.19830 40.96216 15.64453 147.4132 0.01783714 62.16046 163.0578 3793.178  129.5497   225.2182  38.06194
 [8,] 50561.11 49213.68 21.19830 40.96216 15.64453 147.4132 0.01783714 62.16046 163.0578 3793.178  129.5497   225.2182  38.06194
 [9,] 50561.11 49213.68 21.19830 40.96216 15.64453 147.4132 0.01783714 62.16046 163.0578 3793.178  129.5497   225.2182  38.06194
[10,] 50561.11 49213.68 21.19830 40.96216 15.64453 147.4132 0.01783714 62.16046 163.0578 3793.178  129.5497   225.2182  38.06194
[11,] 50561.11 49213.68 21.19830 40.96216 15.64453 147.4132 0.01783714 62.16046 163.0578 3793.178  129.5497   225.2182  38.06194
[12,] 50561.11 49213.68 21.19830 40.96216 15.64453 147.4132 0.01783714 62.16046 163.0578 3793.178  129.5497   225.2182  38.06194


Community-wide active case finding

> x_neg_community <- tbdx_neg(acc_neg=0.823)
> do.call("cbind", x_neg_community)[c(1:6, 9996:10001),]
         S_neg    L_neg  DSP_neg  USP_neg  DSN_neg   USN_neg         lam      TSP      TSN        M incidence prevalence mortality
 [1,] 48727.00 50984.00 15.00000 44.00000 72.00000 158.00000 0.019941720 59.00000 230.0000 3798.192 139.18793   289.0000  43.65000
 [2,] 48727.06 50984.17 15.12829 43.88817 71.89179 157.86421 0.019934948 59.01646 229.7560 3798.175 139.15460   288.7725  43.63136
 [3,] 48727.12 50984.34 15.24865 43.77715 71.78538 157.72872 0.019926963 59.02580 229.5141 3798.156 139.11531   288.5399  43.61044
 [4,] 48727.19 50984.51 15.36153 43.66690 71.68066 157.59350 0.019917839 59.02843 229.2742 3798.136 139.07041   288.3026  43.58737
 [5,] 48727.26 50984.67 15.46733 43.55743 71.57757 157.45855 0.019907643 59.02477 229.0361 3798.113 139.02025   288.0609  43.56228
 [6,] 48727.35 50984.83 15.56645 43.44872 71.47603 157.32387 0.019896442 59.01517 228.7999 3798.088 138.96513   287.8151  43.53530
 [7,] 58797.20 41062.22 11.05703 18.86090 42.77731  67.87826 0.009872999 29.91793 110.6556 3777.415  89.64353   140.5735  21.53683
 [8,] 58797.21 41062.22 11.05703 18.86090 42.77731  67.87825 0.009872999 29.91793 110.6556 3777.415  89.64352   140.5735  21.53683
 [9,] 58797.21 41062.21 11.05703 18.86089 42.77731  67.87825 0.009872998 29.91793 110.6556 3777.415  89.64352   140.5735  21.53683
[10,] 58797.22 41062.21 11.05703 18.86089 42.77730  67.87824 0.009872997 29.91792 110.6555 3777.415  89.64351   140.5735  21.53683
[11,] 58797.22 41062.20 11.05703 18.86089 42.77730  67.87823 0.009872996 29.91792 110.6555 3777.415  89.64351   140.5734  21.53682
[12,] 58797.23 41062.20 11.05703 18.86089 42.77729  67.87822 0.009872995 29.91792 110.6555 3777.415  89.64350   140.5734  21.53682







  times    S_neg    L_neg  DSP_neg  USP_neg  DSN_neg  USN_neg S_hiv L_hiv DSP_hiv USP_hiv DSN_hiv USN_hiv S_aids L_aids DSP_aids USP_aids
 [1,]   0.00 48727.00 50984.00 15.00000 44.00000 72.00000 158.0000     0     0       0       0       0       0      0      0        0        0
 [2,]   0.02 48727.06 50983.94 15.01700 43.99946 71.99194 158.0002     0     0       0       0       0       0      0      0        0        0
 [3,]   0.04 48727.11 50983.87 15.03306 43.99895 71.98411 158.0005     0     0       0       0       0       0      0      0        0        0
 [4,]   0.06 48727.16 50983.82 15.04823 43.99847 71.97648 158.0008     0     0       0       0       0       0      0      0        0        0
 [5,]   0.08 48727.21 50983.76 15.06256 43.99801 71.96906 158.0011     0     0       0       0       0       0      0      0        0        0
 [6,]   0.10 48727.25 50983.71 15.07609 43.99759 71.96184 158.0014     0     0       0       0       0       0      0      0        0        0
 [7,] 199.90 48727.43 50983.25 15.31137 44.00938 71.61849 158.3794     0     0       0       0       0       0      0      0        0        0
 [8,] 199.92 48727.43 50983.25 15.31137 44.00938 71.61849 158.3794     0     0       0       0       0       0      0      0        0        0
 [9,] 199.94 48727.43 50983.25 15.31137 44.00938 71.61849 158.3794     0     0       0       0       0       0      0      0        0        0
[10,] 199.96 48727.43 50983.25 15.31137 44.00938 71.61849 158.3794     0     0       0       0       0       0      0      0        0        0
[11,] 199.98 48727.43 50983.25 15.31137 44.00938 71.61849 158.3794     0     0       0       0       0       0      0      0        0        0
[12,] 200.00 48727.43 50983.25 15.31137 44.00938 71.61849 158.3794     0     0       0       0       0       0      0      0        0        0
      DSN_aids USN_aids        lam      TSP      TSN        M incid_tb  prev_tb  mort_tb
 [1,]        0        0 0.01994172 59.00000 230.0000 3798.192 138.9305 289.0000 43.65000
 [2,]        0        0 0.01994440 59.01646 229.9922 3798.197 138.9423 289.0086 43.65498
 [3,]        0        0 0.01994693 59.03201 229.9846 3798.201 138.9534 289.0166 43.65966
 [4,]        0        0 0.01994931 59.04670 229.9773 3798.206 138.9639 289.0240 43.66407
 [5,]        0        0 0.01995155 59.06058 229.9702 3798.210 138.9738 289.0307 43.66822
 [6,]        0        0 0.01995366 59.07368 229.9633 3798.214 138.9831 289.0370 43.67212
 [7,]        0        0 0.02000000 59.32075 229.9979 3798.301 139.1871 289.3187 43.76205
 [8,]        0        0 0.02000000 59.32075 229.9979 3798.301 139.1871 289.3187 43.76205
 [9,]        0        0 0.02000000 59.32075 229.9979 3798.301 139.1871 289.3187 43.76205
[10,]        0        0 0.02000000 59.32075 229.9979 3798.301 139.1871 289.3187 43.76205
[11,]        0        0 0.02000000 59.32075 229.9979 3798.301 139.1871 289.3187 43.76205
[12,]        0        0 0.02000000 59.32075 229.9979 3798.301 139.1871 289.3187 43.76205
> 
> x <- tbdx()
> do.call("cbind", x)[c(1:6, 9996:10001), ]
       times    S_neg    L_neg  DSP_neg  USP_neg  DSN_neg  USN_neg    S_hiv    L_hiv  DSP_hiv  USP_hiv  DSN_hiv  USN_hiv   S_aids   L_aids DSP_aids
 [1,]   0.00 48195.00 34421.00 13.00000 33.00000 57.00000 103.0000 6762.000 5799.000 2.000000 3.000000 6.000000 6.000000 2446.000 2014.000 15.00000
 [2,]   0.02 48194.99 34421.03 12.97260 33.00332 56.99747 103.0007 6761.997 5799.019 1.982001 3.008066 5.988754 6.009370 2446.000 2014.000 14.99574
 [3,]   0.04 48194.99 34421.05 12.94671 33.00656 56.99479 103.0014 6761.996 5799.036 1.965248 3.015974 5.977842 6.018553 2446.000 2014.000 14.99166
 [4,]   0.06 48194.99 34421.06 12.92225 33.00972 56.99199 103.0019 6761.994 5799.051 1.949654 3.023726 5.967253 6.027553 2446.001 2013.999 14.98777
 [5,]   0.08 48195.00 34421.07 12.89914 33.01281 56.98907 103.0025 6761.994 5799.065 1.935138 3.031326 5.956978 6.036373 2446.002 2013.999 14.98404
 [6,]   0.10 48195.01 34421.08 12.87731 33.01583 56.98604 103.0029 6761.994 5799.077 1.921626 3.038777 5.947010 6.045019 2446.003 2013.998 14.98048
 [7,] 199.90 48195.44 34420.69 12.54690 33.39628 56.83639 103.2028 6761.663 5798.962 1.743492 3.438517 5.645609 6.499890 2445.920 2013.775 14.92664
 [8,] 199.92 48195.44 34420.69 12.54690 33.39628 56.83639 103.2028 6761.663 5798.962 1.743492 3.438517 5.645609 6.499890 2445.920 2013.775 14.92664
 [9,] 199.94 48195.44 34420.69 12.54690 33.39628 56.83639 103.2028 6761.663 5798.962 1.743492 3.438517 5.645609 6.499890 2445.920 2013.775 14.92664
[10,] 199.96 48195.44 34420.69 12.54690 33.39628 56.83639 103.2028 6761.663 5798.962 1.743492 3.438517 5.645609 6.499890 2445.920 2013.775 14.92664
[11,] 199.98 48195.44 34420.69 12.54690 33.39628 56.83639 103.2028 6761.663 5798.962 1.743492 3.438517 5.645609 6.499890 2445.920 2013.775 14.92664
[12,] 200.00 48195.44 34420.69 12.54690 33.39628 56.83639 103.2028 6761.663 5798.962 1.743492 3.438517 5.645609 6.499890 2445.920 2013.775 14.92664
      USP_aids DSN_aids USN_aids        lam      TSP      TSN        M incid_tb  prev_tb  mort_tb
 [1,] 22.00000 63.00000 40.00000 0.02000443 88.00000 275.0000 6040.432 336.3752 363.0000 166.4090
 [2,] 21.99431 63.00604 40.00599 0.01999876 87.95603 275.0083 6040.417 336.3364 362.9644 166.3930
 [3,] 21.98872 63.01175 40.01185 0.01999345 87.91487 275.0162 6040.403 336.3000 362.9310 166.3783
 [4,] 21.98322 63.01713 40.01760 0.01998847 87.87634 275.0235 6040.391 336.2660 362.8998 166.3648
 [5,] 21.97783 63.02221 40.02323 0.01998382 87.84029 275.0303 6040.380 336.2341 362.8706 166.3524
 [6,] 21.97254 63.02701 40.02874 0.01997947 87.80657 275.0368 6040.369 336.2043 362.8433 166.3411
 [7,] 21.74932 63.15238 40.41010 0.01999979 87.80116 275.7471 6040.749 336.3225 363.5483 166.8538
 [8,] 21.74932 63.15238 40.41010 0.01999979 87.80116 275.7471 6040.749 336.3225 363.5483 166.8538
 [9,] 21.74932 63.15238 40.41010 0.01999979 87.80116 275.7471 6040.749 336.3225 363.5483 166.8538
[10,] 21.74932 63.15238 40.41010 0.01999979 87.80116 275.7471 6040.749 336.3225 363.5483 166.8538
[11,] 21.74932 63.15238 40.41010 0.01999979 87.80116 275.7471 6040.749 336.3225 363.5483 166.8538
[12,] 21.74932 63.15238 40.41010 0.01999979 87.80116 275.7471 6040.749 336.3225 363.5483 166.8538


> y <- tbdx(sn_smneg=0.25)
> do.call("cbind", y)[c(1:6, 9996:10001), ]
       times    S_neg    L_neg  DSP_neg  USP_neg  DSN_neg   USN_neg    S_hiv    L_hiv  DSP_hiv  USP_hiv  DSN_hiv  USN_hiv   S_aids   L_aids
 [1,]   0.00 48195.00 34421.00 13.00000 33.00000 57.00000 103.00000 6762.000 5799.000 2.000000 3.000000 6.000000 6.000000 2446.000 2014.000
 [2,]   0.02 48194.99 34421.21 12.97260 33.00332 56.81051 103.00072 6761.997 5799.039 1.982001 3.008066 5.969074 6.009370 2446.000 2014.207
 [3,]   0.04 48195.00 34421.41 12.94638 33.00644 56.62416 103.00122 6761.997 5799.073 1.965200 3.015957 5.939027 6.018532 2446.001 2014.408
 [4,]   0.06 48195.02 34421.58 12.92130 33.00937 56.44092 103.00152 6761.999 5799.105 1.949516 3.023675 5.909831 6.027491 2446.003 2014.603
 [5,]   0.08 48195.05 34421.73 12.89729 33.01212 56.26073 103.00162 6762.004 5799.133 1.934870 3.031225 5.881461 6.036250 2446.006 2014.794
 [6,]   0.10 48195.10 34421.87 12.87431 33.01468 56.08356 103.00153 6762.010 5799.157 1.921192 3.038611 5.853894 6.044816 2446.009 2014.980
 [7,] 199.90 48742.54 33876.05 12.06681 32.11841 45.54737  99.25385 6868.295 5695.606 1.679889 3.311184 4.754136 6.256359 2491.241 1989.819
 [8,] 199.92 48742.54 33876.05 12.06681 32.11841 45.54737  99.25385 6868.295 5695.606 1.679889 3.311184 4.754136 6.256359 2491.241 1989.819
 [9,] 199.94 48742.54 33876.05 12.06681 32.11841 45.54737  99.25385 6868.295 5695.606 1.679889 3.311184 4.754136 6.256359 2491.241 1989.819
[10,] 199.96 48742.54 33876.05 12.06681 32.11841 45.54737  99.25385 6868.295 5695.606 1.679889 3.311184 4.754136 6.256359 2491.241 1989.819
[11,] 199.98 48742.54 33876.05 12.06681 32.11841 45.54737  99.25385 6868.295 5695.606 1.679889 3.311184 4.754136 6.256359 2491.241 1989.819
[12,] 200.00 48742.54 33876.05 12.06681 32.11841 45.54737  99.25385 6868.295 5695.606 1.679889 3.311184 4.754136 6.256359 2491.241 1989.819
      DSP_aids USP_aids DSN_aids USN_aids        lam      TSP      TSN        M incid_tb  prev_tb  mort_tb
 [1,] 15.00000 22.00000 63.00000 40.00000 0.02000443 88.00000 275.0000 6040.432 336.3752 363.0000 166.4090
 [2,] 14.99574 21.99431 62.79940 40.00599 0.01998651 87.95603 274.5951 6040.280 336.2708 362.5511 166.1803
 [3,] 14.99162 21.98870 62.60539 40.01182 0.01996919 87.91430 274.2001 6040.134 336.1700 362.1144 165.9593
 [4,] 14.98763 21.98317 62.41773 40.01750 0.01995243 87.87466 273.8150 6039.993 336.0727 361.6897 165.7457
 [5,] 14.98377 21.97773 62.23623 40.02304 0.01993623 87.83701 273.4393 6039.858 335.9787 361.2763 165.5392
 [6,] 14.98005 21.97238 62.06069 40.02844 0.01992055 87.80122 273.0729 6039.729 335.8878 360.8741 165.3397
 [7,] 14.63138 21.31120 55.91729 39.59531 0.01891466 85.11889 251.3243 6037.709 327.2631 336.4432 156.0869
 [8,] 14.63138 21.31120 55.91729 39.59531 0.01891466 85.11889 251.3243 6037.709 327.2631 336.4432 156.0869
 [9,] 14.63138 21.31120 55.91729 39.59531 0.01891466 85.11889 251.3243 6037.709 327.2631 336.4432 156.0869
[10,] 14.63138 21.31120 55.91729 39.59530 0.01891466 85.11889 251.3243 6037.709 327.2631 336.4432 156.0869
[11,] 14.63138 21.31120 55.91729 39.59530 0.01891466 85.11889 251.3243 6037.709 327.2631 336.4432 156.0869
[12,] 14.63138 21.31120 55.91729 39.59530 0.01891466 85.11889 251.3243 6037.709 327.2631 336.4432 156.0869

> z <- tbdx(sn_smpos=0.98, sn_smneg=0.5)
> do.call("cbind", z)[c(1:6, 9996:10001), ]
       times    S_neg    L_neg   DSP_neg  USP_neg  DSN_neg   USN_neg    S_hiv    L_hiv  DSP_hiv  USP_hiv  DSN_hiv  USN_hiv   S_aids   L_aids
 [1,]   0.00 48195.00 34421.00 13.000000 33.00000 57.00000 103.00000 6762.000 5799.000 2.000000 3.000000 6.000000 6.000000 2446.000 2014.000
 [2,]   0.02 48194.99 34422.30 12.819093 33.00332 55.87571 103.00072 6761.997 5799.161 1.958385 3.008066 5.870674 6.009370 2446.000 2015.417
 [3,]   0.04 48195.09 34423.44 12.647931 33.00539 54.78784 102.99994 6762.012 5799.299 1.919619 3.015804 5.746662 6.018345 2446.006 2016.768
 [4,]   0.06 48195.29 34424.41 12.485975 33.00628 53.73528 102.99773 6762.043 5799.416 1.883497 3.023227 5.627744 6.026943 2446.019 2018.057
 [5,]   0.08 48195.59 34425.24 12.332715 33.00605 52.71696 102.99418 6762.089 5799.512 1.849826 3.030349 5.513709 6.035179 2446.036 2019.288
 [6,]   0.10 48195.98 34425.92 12.187670 33.00478 51.73182 102.98936 6762.150 5799.590 1.818432 3.037182 5.404353 6.043070 2446.060 2020.463
 [7,] 199.90 50779.72 31838.81  8.644738 27.48215 21.25360  84.92668 7266.838 5306.517 1.227387 2.845715 2.556276 5.368535 2661.183 1890.270
 [8,] 199.92 50779.72 31838.81  8.644738 27.48215 21.25360  84.92668 7266.838 5306.517 1.227387 2.845715 2.556276 5.368535 2661.183 1890.270
 [9,] 199.94 50779.72 31838.81  8.644738 27.48215 21.25360  84.92668 7266.838 5306.517 1.227387 2.845715 2.556276 5.368535 2661.183 1890.270
[10,] 199.96 50779.72 31838.81  8.644738 27.48215 21.25360  84.92668 7266.838 5306.517 1.227387 2.845715 2.556276 5.368535 2661.183 1890.270
[11,] 199.98 50779.72 31838.81  8.644738 27.48215 21.25360  84.92668 7266.838 5306.517 1.227387 2.845715 2.556276 5.368535 2661.183 1890.270
[12,] 200.00 50779.72 31838.81  8.644738 27.48215 21.25360  84.92668 7266.838 5306.517 1.227387 2.845715 2.556276 5.368535 2661.183 1890.270
      DSP_aids USP_aids DSN_aids USN_aids        lam      TSP      TSN        M incid_tb  prev_tb  mort_tb
 [1,] 15.00000 22.00000 63.00000 40.00000 0.02000443 88.00000 275.0000 6040.432 336.3752 363.0000 166.4090
 [2,] 14.81862 21.99431 61.76620 40.00599 0.01987755 87.60179 272.5287 6039.433 335.6317 360.1305 164.8913
 [3,] 14.65121 21.98845 60.59305 40.01135 0.01975697 87.22841 270.1572 6038.489 334.9255 357.3856 163.4498
 [4,] 14.49668 21.98243 59.47756 40.01613 0.01964233 86.87809 267.8814 6037.597 334.2545 354.7595 162.0803
 [5,] 14.35402 21.97629 58.41689 40.02035 0.01953331 86.54925 265.6973 6036.753 333.6166 352.2465 160.7790
 [6,] 14.22228 21.97002 57.40837 40.02407 0.01942957 86.24037 263.6010 6035.956 333.0100 349.8414 159.5423
 [7,] 11.53955 19.61461 34.76373 36.44070 0.01510399 71.35416 185.3095 6028.054 293.3447 256.6637 121.1250
 [8,] 11.53955 19.61461 34.76373 36.44070 0.01510399 71.35416 185.3095 6028.054 293.3447 256.6637 121.1250
 [9,] 11.53955 19.61461 34.76373 36.44070 0.01510399 71.35416 185.3095 6028.054 293.3447 256.6637 121.1250
[10,] 11.53955 19.61461 34.76373 36.44070 0.01510399 71.35416 185.3095 6028.054 293.3447 256.6637 121.1250
[11,] 11.53955 19.61461 34.76373 36.44070 0.01510399 71.35416 185.3095 6028.054 293.3447 256.6637 121.1250
[12,] 11.53955 19.61461 34.76373 36.44070 0.01510399 71.35416 185.3095 6028.054 293.3447 256.6637 121.1250
> 


> k <- tbdx(year_stop=60)
> do.call("cbind", k)[c(1:6, 2996:3001), ]
      times    S_neg    L_neg  DSP_neg  USP_neg  DSN_neg  USN_neg    S_hiv    L_hiv  DSP_hiv  USP_hiv  DSN_hiv  USN_hiv   S_aids   L_aids DSP_aids
 [1,]  0.00 48195.00 34421.00 13.00000 33.00000 57.00000 103.0000 6762.000 5799.000 2.000000 3.000000 6.000000 6.000000 2446.000 2014.000 15.00000
 [2,]  0.02 48194.99 34421.03 12.97260 33.00332 56.99747 103.0007 6761.997 5799.019 1.982001 3.008066 5.988754 6.009370 2446.000 2014.000 14.99574
 [3,]  0.04 48194.99 34421.05 12.94671 33.00656 56.99479 103.0014 6761.996 5799.036 1.965248 3.015974 5.977842 6.018553 2446.000 2014.000 14.99166
 [4,]  0.06 48194.99 34421.06 12.92225 33.00972 56.99199 103.0019 6761.994 5799.051 1.949654 3.023726 5.967253 6.027553 2446.001 2013.999 14.98777
 [5,]  0.08 48195.00 34421.07 12.89914 33.01281 56.98907 103.0025 6761.994 5799.065 1.935138 3.031326 5.956978 6.036373 2446.002 2013.999 14.98404
 [6,]  0.10 48195.01 34421.08 12.87731 33.01583 56.98604 103.0029 6761.994 5799.077 1.921626 3.038777 5.947010 6.045019 2446.003 2013.998 14.98048
 [7,] 59.90 48195.96 34420.17 12.54675 33.39582 56.83566 103.2008 6761.772 5798.854 1.743472 3.438472 5.645542 6.499778 2445.969 2013.733 14.92635
 [8,] 59.92 48195.96 34420.17 12.54675 33.39582 56.83566 103.2008 6761.772 5798.854 1.743472 3.438472 5.645542 6.499778 2445.969 2013.733 14.92635
 [9,] 59.94 48195.96 34420.17 12.54675 33.39582 56.83566 103.2008 6761.772 5798.854 1.743472 3.438472 5.645542 6.499778 2445.969 2013.733 14.92635
[10,] 59.96 48195.96 34420.17 12.54675 33.39582 56.83567 103.2008 6761.772 5798.854 1.743472 3.438472 5.645542 6.499779 2445.968 2013.733 14.92635
[11,] 59.98 48195.96 34420.17 12.54675 33.39582 56.83567 103.2008 6761.772 5798.854 1.743472 3.438472 5.645542 6.499779 2445.968 2013.733 14.92635
[12,] 60.00 48195.96 34420.17 12.54675 33.39582 56.83567 103.2008 6761.772 5798.854 1.743472 3.438472 5.645542 6.499779 2445.968 2013.734 14.92635
      USP_aids DSN_aids USN_aids        lam      TSP      TSN        M incid_tb  prev_tb  mort_tb
 [1,] 22.00000 63.00000 40.00000 0.02000443 88.00000 275.0000 6040.432 336.3752 363.0000 166.4090
 [2,] 21.99431 63.00604 40.00599 0.01999876 87.95603 275.0083 6040.417 336.3364 362.9644 166.3930
 [3,] 21.98872 63.01175 40.01185 0.01999345 87.91487 275.0162 6040.403 336.3000 362.9310 166.3783
 [4,] 21.98322 63.01713 40.01760 0.01998847 87.87634 275.0235 6040.391 336.2660 362.8998 166.3648
 [5,] 21.97783 63.02221 40.02323 0.01998382 87.84029 275.0303 6040.380 336.2341 362.8706 166.3524
 [6,] 21.97254 63.02701 40.02874 0.01997947 87.80657 275.0368 6040.369 336.2043 362.8433 166.3411
 [7,] 21.74888 63.15114 40.40928 0.01999946 87.79976 275.7422 6040.749 336.3171 363.5419 166.8507
 [8,] 21.74889 63.15114 40.40928 0.01999946 87.79976 275.7422 6040.749 336.3171 363.5419 166.8507
 [9,] 21.74889 63.15115 40.40928 0.01999946 87.79976 275.7422 6040.749 336.3171 363.5419 166.8507
[10,] 21.74889 63.15115 40.40928 0.01999946 87.79976 275.7422 6040.749 336.3171 363.5420 166.8507
[11,] 21.74889 63.15115 40.40928 0.01999946 87.79976 275.7422 6040.749 336.3171 363.5420 166.8507
[12,] 21.74889 63.15115 40.40928 0.01999946 87.79976 275.7422 6040.749 336.3171 363.5420 166.8507
