> x_neg <- tbdx_neg()
> do.call("cbind", x_neg)[c(1:6, 9996:10001), ]
       times    S_neg    L_neg  DSP_neg  USP_neg  DSN_neg  USN_neg S_hiv L_hiv DSP_hiv USP_hiv DSN_hiv USN_hiv S_aids L_aids DSP_aids USP_aids
 [1,]   0.00 48727.00 50984.00 15.00000 44.00000 72.00000 158.0000     0     0       0       0       0       0      0      0        0        0
 [2,]   0.02 48727.06 50983.94 15.01700 43.99946 71.99194 158.0002     0     0       0       0       0       0      0      0        0        0
 [3,]   0.04 48727.11 50983.87 15.03306 43.99895 71.98411 158.0005     0     0       0       0       0       0      0      0        0        0
 [4,]   0.06 48727.16 50983.82 15.04823 43.99847 71.97648 158.0008     0     0       0       0       0       0      0      0        0        0
 [5,]   0.08 48727.21 50983.76 15.06256 43.99801 71.96906 158.0011     0     0       0       0       0       0      0      0        0        0
 [6,]   0.10 48727.25 50983.71 15.07609 43.99759 71.96184 158.0014     0     0       0       0       0       0      0      0        0        0
 [7,] 199.90 48727.43 50983.25 15.31137 44.00938 71.61849 158.3794     0     0       0       0       0       0      0      0        0        0
 [8,] 199.92 48727.43 50983.25 15.31137 44.00938 71.61849 158.3794     0     0       0       0       0       0      0      0        0        0
 [9,] 199.94 48727.43 50983.25 15.31137 44.00938 71.61849 158.3794     0     0       0       0       0       0      0      0        0        0
[10,] 199.96 48727.43 50983.25 15.31137 44.00938 71.61849 158.3794     0     0       0       0       0       0      0      0        0        0
[11,] 199.98 48727.43 50983.25 15.31137 44.00938 71.61849 158.3794     0     0       0       0       0       0      0      0        0        0
[12,] 200.00 48727.43 50983.25 15.31137 44.00938 71.61849 158.3794     0     0       0       0       0       0      0      0        0        0
      DSN_aids USN_aids        lam      TSP      TSN        M incid_tb  prev_tb  mort_tb
 [1,]        0        0 0.01994172 59.00000 230.0000 3798.192 138.9305 289.0000 43.65000
 [2,]        0        0 0.01994440 59.01646 229.9922 3798.197 138.9423 289.0086 43.65498
 [3,]        0        0 0.01994693 59.03201 229.9846 3798.201 138.9534 289.0166 43.65966
 [4,]        0        0 0.01994931 59.04670 229.9773 3798.206 138.9639 289.0240 43.66407
 [5,]        0        0 0.01995155 59.06058 229.9702 3798.210 138.9738 289.0307 43.66822
 [6,]        0        0 0.01995366 59.07368 229.9633 3798.214 138.9831 289.0370 43.67212
 [7,]        0        0 0.02000000 59.32075 229.9979 3798.301 139.1871 289.3187 43.76205
 [8,]        0        0 0.02000000 59.32075 229.9979 3798.301 139.1871 289.3187 43.76205
 [9,]        0        0 0.02000000 59.32075 229.9979 3798.301 139.1871 289.3187 43.76205
[10,]        0        0 0.02000000 59.32075 229.9979 3798.301 139.1871 289.3187 43.76205
[11,]        0        0 0.02000000 59.32075 229.9979 3798.301 139.1871 289.3187 43.76205
[12,]        0        0 0.02000000 59.32075 229.9979 3798.301 139.1871 289.3187 43.76205
> 
> x <- tbdx()
> do.call("cbind", x)[c(1:6, 9996:10001), ]
       times    S_neg    L_neg  DSP_neg  USP_neg  DSN_neg  USN_neg    S_hiv    L_hiv  DSP_hiv  USP_hiv  DSN_hiv  USN_hiv   S_aids   L_aids DSP_aids
 [1,]   0.00 48195.00 34421.00 13.00000 33.00000 57.00000 103.0000 6762.000 5799.000 2.000000 3.000000 6.000000 6.000000 2446.000 2014.000 15.00000
 [2,]   0.02 48194.99 34421.03 12.97260 33.00332 56.99747 103.0007 6761.997 5799.019 1.982001 3.008066 5.988754 6.009370 2446.000 2014.000 14.99574
 [3,]   0.04 48194.99 34421.05 12.94671 33.00656 56.99479 103.0014 6761.996 5799.036 1.965248 3.015974 5.977842 6.018553 2446.000 2014.000 14.99166
 [4,]   0.06 48194.99 34421.06 12.92225 33.00972 56.99199 103.0019 6761.994 5799.051 1.949654 3.023726 5.967253 6.027553 2446.001 2013.999 14.98777
 [5,]   0.08 48195.00 34421.07 12.89914 33.01281 56.98907 103.0025 6761.994 5799.065 1.935138 3.031326 5.956978 6.036373 2446.002 2013.999 14.98404
 [6,]   0.10 48195.01 34421.08 12.87731 33.01583 56.98604 103.0029 6761.994 5799.077 1.921626 3.038777 5.947010 6.045019 2446.003 2013.998 14.98048
 [7,] 199.90 48195.44 34420.69 12.54690 33.39628 56.83639 103.2028 6761.663 5798.962 1.743492 3.438517 5.645609 6.499890 2445.920 2013.775 14.92664
 [8,] 199.92 48195.44 34420.69 12.54690 33.39628 56.83639 103.2028 6761.663 5798.962 1.743492 3.438517 5.645609 6.499890 2445.920 2013.775 14.92664
 [9,] 199.94 48195.44 34420.69 12.54690 33.39628 56.83639 103.2028 6761.663 5798.962 1.743492 3.438517 5.645609 6.499890 2445.920 2013.775 14.92664
[10,] 199.96 48195.44 34420.69 12.54690 33.39628 56.83639 103.2028 6761.663 5798.962 1.743492 3.438517 5.645609 6.499890 2445.920 2013.775 14.92664
[11,] 199.98 48195.44 34420.69 12.54690 33.39628 56.83639 103.2028 6761.663 5798.962 1.743492 3.438517 5.645609 6.499890 2445.920 2013.775 14.92664
[12,] 200.00 48195.44 34420.69 12.54690 33.39628 56.83639 103.2028 6761.663 5798.962 1.743492 3.438517 5.645609 6.499890 2445.920 2013.775 14.92664
      USP_aids DSN_aids USN_aids        lam      TSP      TSN        M incid_tb  prev_tb  mort_tb
 [1,] 22.00000 63.00000 40.00000 0.02000443 88.00000 275.0000 6040.432 336.3752 363.0000 166.4090
 [2,] 21.99431 63.00604 40.00599 0.01999876 87.95603 275.0083 6040.417 336.3364 362.9644 166.3930
 [3,] 21.98872 63.01175 40.01185 0.01999345 87.91487 275.0162 6040.403 336.3000 362.9310 166.3783
 [4,] 21.98322 63.01713 40.01760 0.01998847 87.87634 275.0235 6040.391 336.2660 362.8998 166.3648
 [5,] 21.97783 63.02221 40.02323 0.01998382 87.84029 275.0303 6040.380 336.2341 362.8706 166.3524
 [6,] 21.97254 63.02701 40.02874 0.01997947 87.80657 275.0368 6040.369 336.2043 362.8433 166.3411
 [7,] 21.74932 63.15238 40.41010 0.01999979 87.80116 275.7471 6040.749 336.3225 363.5483 166.8538
 [8,] 21.74932 63.15238 40.41010 0.01999979 87.80116 275.7471 6040.749 336.3225 363.5483 166.8538
 [9,] 21.74932 63.15238 40.41010 0.01999979 87.80116 275.7471 6040.749 336.3225 363.5483 166.8538
[10,] 21.74932 63.15238 40.41010 0.01999979 87.80116 275.7471 6040.749 336.3225 363.5483 166.8538
[11,] 21.74932 63.15238 40.41010 0.01999979 87.80116 275.7471 6040.749 336.3225 363.5483 166.8538
[12,] 21.74932 63.15238 40.41010 0.01999979 87.80116 275.7471 6040.749 336.3225 363.5483 166.8538
> 
> 

Rapid molecular test

> rapid <- tbdx(sn_smpos = 0.98, sn_smneg = 0.5)
> do.call("cbind", rapid)[c(1:6, 9996:10001), ]
       times    S_neg    L_neg   DSP_neg  USP_neg  DSN_neg   USN_neg    S_hiv    L_hiv  DSP_hiv  USP_hiv  DSN_hiv  USN_hiv   S_aids   L_aids DSP_aids
 [1,]   0.00 48195.00 34421.00 13.000000 33.00000 57.00000 103.00000 6762.000 5799.000 2.000000 3.000000 6.000000 6.000000 2446.000 2014.000 15.00000
 [2,]   0.02 48194.99 34422.30 12.819093 33.00332 55.87571 103.00072 6761.997 5799.161 1.958385 3.008066 5.870674 6.009370 2446.000 2015.417 14.81862
 [3,]   0.04 48195.09 34423.44 12.647931 33.00539 54.78784 102.99994 6762.012 5799.299 1.919619 3.015804 5.746662 6.018345 2446.006 2016.768 14.65121
 [4,]   0.06 48195.29 34424.41 12.485975 33.00628 53.73528 102.99773 6762.043 5799.416 1.883497 3.023227 5.627744 6.026943 2446.019 2018.057 14.49668
 [5,]   0.08 48195.59 34425.24 12.332715 33.00605 52.71696 102.99418 6762.089 5799.512 1.849826 3.030349 5.513709 6.035179 2446.036 2019.288 14.35402
 [6,]   0.10 48195.98 34425.92 12.187670 33.00478 51.73182 102.98936 6762.150 5799.590 1.818432 3.037182 5.404353 6.043070 2446.060 2020.463 14.22228
 [7,] 199.90 50779.72 31838.81  8.644738 27.48215 21.25360  84.92668 7266.838 5306.517 1.227387 2.845715 2.556276 5.368535 2661.183 1890.270 11.53955
 [8,] 199.92 50779.72 31838.81  8.644738 27.48215 21.25360  84.92668 7266.838 5306.517 1.227387 2.845715 2.556276 5.368535 2661.183 1890.270 11.53955
 [9,] 199.94 50779.72 31838.81  8.644738 27.48215 21.25360  84.92668 7266.838 5306.517 1.227387 2.845715 2.556276 5.368535 2661.183 1890.270 11.53955
[10,] 199.96 50779.72 31838.81  8.644738 27.48215 21.25360  84.92668 7266.838 5306.517 1.227387 2.845715 2.556276 5.368535 2661.183 1890.270 11.53955
[11,] 199.98 50779.72 31838.81  8.644738 27.48215 21.25360  84.92668 7266.838 5306.517 1.227387 2.845715 2.556276 5.368535 2661.183 1890.270 11.53955
[12,] 200.00 50779.72 31838.81  8.644738 27.48215 21.25360  84.92668 7266.838 5306.517 1.227387 2.845715 2.556276 5.368535 2661.183 1890.270 11.53955
      USP_aids DSN_aids USN_aids        lam      TSP      TSN        M incid_tb  prev_tb  mort_tb
 [1,] 22.00000 63.00000 40.00000 0.02000443 88.00000 275.0000 6040.432 336.3752 363.0000 166.4090
 [2,] 21.99431 61.76620 40.00599 0.01987755 87.60179 272.5287 6039.433 335.6317 360.1305 164.8913
 [3,] 21.98845 60.59305 40.01135 0.01975697 87.22841 270.1572 6038.489 334.9255 357.3856 163.4498
 [4,] 21.98243 59.47756 40.01613 0.01964233 86.87809 267.8814 6037.597 334.2545 354.7595 162.0803
 [5,] 21.97629 58.41689 40.02035 0.01953331 86.54925 265.6973 6036.753 333.6166 352.2465 160.7790
 [6,] 21.97002 57.40837 40.02407 0.01942957 86.24037 263.6010 6035.956 333.0100 349.8414 159.5423
 [7,] 19.61461 34.76373 36.44070 0.01510399 71.35416 185.3095 6028.054 293.3447 256.6637 121.1250
 [8,] 19.61461 34.76373 36.44070 0.01510399 71.35416 185.3095 6028.054 293.3447 256.6637 121.1250
 [9,] 19.61461 34.76373 36.44070 0.01510399 71.35416 185.3095 6028.054 293.3447 256.6637 121.1250
[10,] 19.61461 34.76373 36.44070 0.01510399 71.35416 185.3095 6028.054 293.3447 256.6637 121.1250
[11,] 19.61461 34.76373 36.44070 0.01510399 71.35416 185.3095 6028.054 293.3447 256.6637 121.1250
[12,] 19.61461 34.76373 36.44070 0.01510399 71.35416 185.3095 6028.054 293.3447 256.6637 121.1250




TB Culture

> 
> y <- tbdx(dx_neg = 3, sn_smpos = 0.98, sn_smneg = 0.85, lfu = 0.2)
> do.call("cbind", y)[c(1:6, 9996:10001), ]
       times    S_neg    L_neg   DSP_neg  USP_neg  DSN_neg  USN_neg    S_hiv    L_hiv  DSP_hiv  USP_hiv  DSN_hiv  USN_hiv   S_aids   L_aids DSP_aids
 [1,]   0.00 48195.00 34421.00 13.000000 33.00000 57.00000 103.0000 6762.000 5799.000 2.000000 3.000000 6.000000 6.000000 2446.000 2014.000 15.00000
 [2,]   0.02 48194.99 34422.34 12.819093 33.00332 55.83832 103.0007 6761.997 5799.164 1.958385 3.008066 5.866738 6.009370 2446.000 2015.458 14.81862
 [3,]   0.04 48195.09 34423.51 12.647866 33.00537 54.71509 102.9999 6762.012 5799.306 1.919610 3.015800 5.739044 6.018341 2446.007 2016.848 14.65121
 [4,]   0.06 48195.30 34424.51 12.485787 33.00621 53.62911 102.9976 6762.044 5799.426 1.883469 3.023217 5.616682 6.026931 2446.019 2018.174 14.49666
 [5,]   0.08 48195.60 34425.36 12.332357 33.00592 52.57921 102.9940 6762.091 5799.525 1.849774 3.030329 5.499428 6.035155 2446.037 2019.438 14.35396
 [6,]   0.10 48196.00 34426.06 12.187098 33.00455 51.56425 102.9891 6762.153 5799.604 1.818349 3.037150 5.387066 6.043031 2446.061 2020.645 14.22220
 [7,] 199.90 50809.95 31808.45  8.623374 27.41424 20.82240  84.7168 7272.781 5300.715 1.224466 2.838861 2.513241 5.355486 2663.725 1889.075 11.52665
 [8,] 199.92 50809.95 31808.45  8.623374 27.41424 20.82240  84.7168 7272.781 5300.715 1.224466 2.838861 2.513241 5.355486 2663.725 1889.075 11.52665
 [9,] 199.94 50809.95 31808.45  8.623374 27.41424 20.82240  84.7168 7272.781 5300.715 1.224466 2.838861 2.513241 5.355486 2663.725 1889.075 11.52665
[10,] 199.96 50809.95 31808.45  8.623374 27.41424 20.82240  84.7168 7272.781 5300.715 1.224466 2.838861 2.513241 5.355486 2663.725 1889.075 11.52665
[11,] 199.98 50809.95 31808.45  8.623374 27.41424 20.82240  84.7168 7272.781 5300.715 1.224466 2.838861 2.513241 5.355486 2663.725 1889.075 11.52665
[12,] 200.00 50809.95 31808.45  8.623374 27.41424 20.82240  84.7168 7272.781 5300.715 1.224466 2.838861 2.513241 5.355486 2663.725 1889.075 11.52665
      USP_aids DSN_aids USN_aids        lam      TSP      TSN        M incid_tb  prev_tb  mort_tb
 [1,] 22.00000 63.00000 40.00000 0.02000443 88.00000 275.0000 6040.432 336.3752 363.0000 166.4090
 [2,] 21.99431 61.72488 40.00599 0.01987510 87.60179 272.4460 6039.406 335.6186 360.0478 164.8488
 [3,] 21.98844 60.51330 40.01134 0.01975221 87.22829 269.9970 6038.437 334.9000 357.2253 163.3675
 [4,] 21.98242 59.36209 40.01611 0.01963539 86.87776 267.6486 6037.520 334.2172 354.5263 161.9610
 [5,] 21.97627 58.26826 40.02032 0.01952430 86.54861 265.3964 6036.655 333.5682 351.9450 160.6252
 [6,] 21.96999 57.22893 40.02401 0.01941863 86.23934 263.2364 6035.837 332.9511 349.4757 159.3564
 [7,] 19.59217 34.27895 36.39898 0.01504962 71.21976 184.0858 6027.902 292.8707 255.3056 120.4925
 [8,] 19.59217 34.27895 36.39898 0.01504962 71.21976 184.0858 6027.902 292.8707 255.3056 120.4925
 [9,] 19.59217 34.27895 36.39898 0.01504962 71.21976 184.0858 6027.902 292.8707 255.3056 120.4925
[10,] 19.59217 34.27895 36.39898 0.01504962 71.21976 184.0858 6027.902 292.8707 255.3056 120.4925
[11,] 19.59217 34.27895 36.39898 0.01504962 71.21976 184.0858 6027.902 292.8707 255.3056 120.4925
[12,] 19.59217 34.27895 36.39898 0.01504962 71.21976 184.0858 6027.902 292.8707 255.3056 120.4925

Community wide active case finding

> do.call("cbind", community)[c(1:6, 9996:10001), ]
       times    S_neg    L_neg  DSP_neg  USP_neg  DSN_neg   USN_neg    S_hiv    L_hiv  DSP_hiv  USP_hiv  DSN_hiv  USN_hiv   S_aids   L_aids DSP_aids
 [1,]   0.00 48195.00 34421.00 13.00000 33.00000 57.00000 103.00000 6762.000 5799.000 2.000000 3.000000 6.000000 6.000000 2446.000 2014.000 15.00000
 [2,]   0.02 48194.99 34421.03 13.06504 32.91088 57.11045 102.88774 6761.997 5799.019 1.996052 2.994016 6.005928 5.992197 2446.000 2014.000 15.12248
 [3,]   0.04 48194.99 34421.06 13.12595 32.82247 57.21888 102.77580 6761.996 5799.037 1.992407 2.988077 6.011712 5.984457 2446.000 2014.009 15.23625
 [4,]   0.06 48194.99 34421.08 13.18295 32.73474 57.32528 102.66416 6761.995 5799.054 1.989035 2.982183 6.017349 5.976778 2446.001 2014.028 15.34193
 [5,]   0.08 48195.00 34421.10 13.23624 32.64768 57.42962 102.55283 6761.995 5799.069 1.985907 2.976332 6.022835 5.969157 2446.002 2014.055 15.44006
 [6,]   0.10 48195.02 34421.12 13.28600 32.56127 57.53189 102.44179 6761.997 5799.084 1.982998 2.970522 6.028166 5.961592 2446.004 2014.089 15.53117
 [7,] 199.90 51797.32 30840.89 10.63881 16.80516 48.19291  51.93213 7466.417 5110.357 1.494254 1.743142 4.830302 3.286499 2746.539 1790.689 14.14703
 [8,] 199.92 51797.32 30840.89 10.63881 16.80516 48.19291  51.93213 7466.417 5110.357 1.494254 1.743142 4.830302 3.286499 2746.539 1790.689 14.14703
 [9,] 199.94 51797.32 30840.89 10.63881 16.80516 48.19291  51.93213 7466.417 5110.357 1.494254 1.743142 4.830302 3.286499 2746.539 1790.689 14.14703
[10,] 199.96 51797.32 30840.89 10.63881 16.80516 48.19291  51.93213 7466.417 5110.357 1.494254 1.743142 4.830302 3.286499 2746.539 1790.689 14.14703
[11,] 199.98 51797.32 30840.89 10.63881 16.80516 48.19291  51.93213 7466.417 5110.357 1.494254 1.743142 4.830302 3.286499 2746.539 1790.689 14.14703
[12,] 200.00 51797.32 30840.89 10.63881 16.80516 48.19291  51.93213 7466.417 5110.357 1.494254 1.743142 4.830302 3.286499 2746.539 1790.689 14.14703
      USP_aids DSN_aids USN_aids        lam      TSP      TSN        M incid_tb  prev_tb  mort_tb
 [1,] 22.00000 63.00000 40.00000 0.02000443 88.00000 275.0000 6040.432 336.3752 363.0000 166.4090
 [2,] 21.86757 63.24141 39.77062 0.01999876 87.95603 275.0083 6040.417 336.3364 362.9644 166.3930
 [3,] 21.73748 63.47522 39.54529 0.01999165 87.90263 275.0114 6040.396 336.2886 362.9140 166.3673
 [4,] 21.60967 63.70165 39.32393 0.01998322 87.84050 275.0091 6040.369 336.2325 362.8496 166.3325
 [5,] 21.48411 63.92088 39.10646 0.01997355 87.77032 275.0018 6040.337 336.1687 362.7721 166.2891
 [6,] 21.36075 64.13314 38.89281 0.01996273 87.69272 274.9894 6040.299 336.0976 362.6821 166.2378
 [7,] 12.20767 59.83278 22.67938 0.01333655 57.03608 190.7540 6024.900 272.6821 247.7901 122.6099
 [8,] 12.20767 59.83278 22.67938 0.01333655 57.03608 190.7540 6024.900 272.6821 247.7901 122.6099
 [9,] 12.20767 59.83278 22.67938 0.01333655 57.03608 190.7540 6024.900 272.6821 247.7901 122.6099
[10,] 12.20767 59.83278 22.67938 0.01333655 57.03608 190.7540 6024.900 272.6821 247.7901 122.6099
[11,] 12.20767 59.83278 22.67938 0.01333655 57.03608 190.7540 6024.900 272.6821 247.7901 122.6099
[12,] 12.20767 59.83278 22.67938 0.01333655 57.03608 190.7540 6024.900 272.6821 247.7901 122.6099


HIV-targeted active case finding

> HIV <- tbdx(acc_hiv = 0.911)
> do.call("cbind", HIV)[c(1:6, 9996:10001), ]
       times    S_neg    L_neg  DSP_neg  USP_neg  DSN_neg  USN_neg    S_hiv    L_hiv  DSP_hiv  USP_hiv  DSN_hiv  USN_hiv   S_aids   L_aids DSP_aids
 [1,]   0.00 48195.00 34421.00 13.00000 33.00000 57.00000 103.0000 6762.000 5799.000 2.000000 3.000000 6.000000 6.000000 2446.000 2014.000 15.00000
 [2,]   0.02 48194.99 34421.03 12.97260 33.00332 56.99747 103.0007 6761.997 5799.019 2.009945 2.980123 6.022908 5.975217 2446.000 2014.000 14.99574
 [3,]   0.04 48194.99 34421.05 12.94671 33.00656 56.99479 103.0014 6761.996 5799.038 2.019132 2.960623 6.045045 5.950902 2446.000 2014.000 14.99175
 [4,]   0.06 48194.99 34421.06 12.92224 33.00972 56.99198 103.0019 6761.994 5799.057 2.027619 2.941493 6.066436 5.927046 2446.001 2013.999 14.98799
 [5,]   0.08 48195.00 34421.07 12.89912 33.01280 56.98904 103.0025 6761.994 5799.076 2.035455 2.922727 6.087107 5.903642 2446.002 2013.999 14.98447
 [6,]   0.10 48195.01 34421.07 12.87726 33.01581 56.98598 103.0029 6761.994 5799.094 2.042691 2.904317 6.107082 5.880679 2446.003 2013.998 14.98116
 [7,] 199.90 48440.90 34169.30 12.33097 32.82154 55.85824 101.4267 6809.407 5758.334 2.100405 1.935952 6.600674 4.623887 2466.191 1999.780 14.78952
 [8,] 199.92 48440.90 34169.30 12.33097 32.82154 55.85824 101.4267 6809.407 5758.334 2.100405 1.935952 6.600674 4.623887 2466.191 1999.780 14.78952
 [9,] 199.94 48440.90 34169.30 12.33097 32.82154 55.85824 101.4267 6809.407 5758.334 2.100405 1.935952 6.600674 4.623887 2466.191 1999.780 14.78952
[10,] 199.96 48440.90 34169.30 12.33097 32.82154 55.85824 101.4267 6809.407 5758.334 2.100405 1.935952 6.600674 4.623887 2466.191 1999.780 14.78952
[11,] 199.98 48440.90 34169.30 12.33097 32.82154 55.85824 101.4267 6809.407 5758.334 2.100405 1.935952 6.600674 4.623887 2466.191 1999.780 14.78952
[12,] 200.00 48440.90 34169.30 12.33097 32.82154 55.85824 101.4267 6809.407 5758.334 2.100405 1.935952 6.600674 4.623887 2466.191 1999.780 14.78952
      USP_aids DSN_aids USN_aids        lam      TSP      TSN        M incid_tb  prev_tb  mort_tb
 [1,] 22.00000 63.00000 40.00000 0.02000443 88.00000 275.0000 6040.432 336.3752 363.0000 166.4090
 [2,] 21.99431 63.00604 40.00599 0.01999876 87.95603 275.0083 6040.417 336.3364 362.9644 166.3930
 [3,] 21.98863 63.01185 40.01175 0.01999324 87.91340 275.0157 6040.402 336.2986 362.9291 166.3768
 [4,] 21.98298 63.01742 40.01730 0.01998786 87.87205 275.0221 6040.387 336.2617 362.8942 166.3604
 [5,] 21.97736 63.02276 40.02264 0.01998261 87.83193 275.0277 6040.372 336.2259 362.8596 166.3439
 [6,] 21.97175 63.02789 40.02778 0.01997751 87.79299 275.0323 6040.356 336.1909 362.8253 166.3272
 [7,] 21.28908 62.60163 39.70365 0.01951230 85.26747 270.8148 6039.542 331.9808 356.0822 163.0917
 [8,] 21.28908 62.60163 39.70365 0.01951230 85.26747 270.8148 6039.542 331.9808 356.0822 163.0917
 [9,] 21.28908 62.60163 39.70365 0.01951230 85.26747 270.8148 6039.542 331.9808 356.0822 163.0917
[10,] 21.28908 62.60163 39.70365 0.01951230 85.26747 270.8148 6039.542 331.9808 356.0822 163.0917
[11,] 21.28908 62.60163 39.70365 0.01951230 85.26747 270.8148 6039.542 331.9808 356.0822 163.0917
[12,] 21.28908 62.60163 39.70365 0.01951230 85.26747 270.8148 6039.542 331.9808 356.0822 163.0917




Diagnostic standard

> data.frame(x)[10001,]
      times pop.S_neg pop.L_neg pop.DSP_neg pop.USP_neg pop.DSN_neg pop.USN_neg pop.S_hiv pop.L_hiv pop.DSP_hiv pop.USP_hiv pop.DSN_hiv pop.USN_hiv
10001   200  48195.44  34420.69     12.5469    33.39628    56.83639    103.2028  6761.663  5798.962    1.743492    3.438517    5.645609     6.49989
      pop.S_aids pop.L_aids pop.DSP_aids pop.USP_aids pop.DSN_aids pop.USN_aids        lam      TSP      TSN        M incid_tb  prev_tb  mort_tb
10001    2445.92   2013.775     14.92664     21.74932     63.15238      40.4101 0.01999979 87.80116 275.7471 6040.749 336.3225 363.5483 166.8538



Rapid

> data.frame(rapid)[10001,]
      times pop.S_neg pop.L_neg pop.DSP_neg pop.USP_neg pop.DSN_neg pop.USN_neg pop.S_hiv pop.L_hiv pop.DSP_hiv pop.USP_hiv pop.DSN_hiv pop.USN_hiv
10001   200  50779.72  31838.81    8.644738    27.48215     21.2536    84.92668  7266.838  5306.517    1.227387    2.845715    2.556276    5.368535
      pop.S_aids pop.L_aids pop.DSP_aids pop.USP_aids pop.DSN_aids pop.USN_aids        lam      TSP      TSN        M incid_tb  prev_tb mort_tb
10001   2661.183    1890.27     11.53955     19.61461     34.76373      36.4407 0.01510399 71.35416 185.3095 6028.054 293.3447 256.6637 121.125


TB culture

> data.frame(y)[10001,]
      times pop.S_neg pop.L_neg pop.DSP_neg pop.USP_neg pop.DSN_neg pop.USN_neg pop.S_hiv pop.L_hiv pop.DSP_hiv pop.USP_hiv pop.DSN_hiv pop.USN_hiv
10001   200  50809.95  31808.45    8.623374    27.41424     20.8224     84.7168  7272.781  5300.715    1.224466    2.838861    2.513241    5.355486
      pop.S_aids pop.L_aids pop.DSP_aids pop.USP_aids pop.DSN_aids pop.USN_aids        lam      TSP      TSN        M incid_tb  prev_tb  mort_tb
10001   2663.725   1889.075     11.52665     19.59217     34.27895     36.39898 0.01504962 71.21976 184.0858 6027.902 292.8707 255.3056 120.4925


Community-wide active case finding

> community <- tbdx(acc_neg = 0.823, acc_hiv = 0.823, acc_aids = 0.823)
> data.frame(community)[10001,]
      times pop.S_neg pop.L_neg pop.DSP_neg pop.USP_neg pop.DSN_neg pop.USN_neg pop.S_hiv pop.L_hiv pop.DSP_hiv pop.USP_hiv pop.DSN_hiv pop.USN_hiv
10001   200  51797.32  30840.89    10.63881    16.80516    48.19291    51.93213  7466.417  5110.357    1.494254    1.743142    4.830302    3.286499
      pop.S_aids pop.L_aids pop.DSP_aids pop.USP_aids pop.DSN_aids pop.USN_aids        lam      TSP     TSN      M incid_tb  prev_tb  mort_tb
10001   2746.539   1790.689     14.14703     12.20767     59.83278     22.67938 0.01333655 57.03608 190.754 6024.9 272.6821 247.7901 122.6099



HIV-targeted active case finding

> data.frame(HIV)[10001,]
      times pop.S_neg pop.L_neg pop.DSP_neg pop.USP_neg pop.DSN_neg pop.USN_neg pop.S_hiv pop.L_hiv pop.DSP_hiv pop.USP_hiv pop.DSN_hiv pop.USN_hiv
10001   200   48440.9   34169.3    12.33097    32.82154    55.85824    101.4267  6809.407  5758.334    2.100405    1.935952    6.600674    4.623887
      pop.S_aids pop.L_aids pop.DSP_aids pop.USP_aids pop.DSN_aids pop.USN_aids       lam      TSP      TSN        M incid_tb  prev_tb  mort_tb
10001   2466.191    1999.78     14.78952     21.28908     62.60163     39.70365 0.0195123 85.26747 270.8148 6039.542 331.9808 356.0822 163.0917
